1,0.8077,0.58162,0.49166,0.46872,0.12821,0.62925,0.046436,0.50522,0.19007,0.75104,0.45831,0.72927,0.48002,0.44678,0.86227,0.70212,0.51695,0.48413,0.21841,0.38615,0.36039,0.35157,0.76336,0.5475,0.6443,0.22999,0.72137,0.68626,0.7188,0.64104,0.1339,0.65834,0.33689,0.52164,0.55332,0.80491,0.39839,0.5879,0.76328,0.76529,0.4908,0.81541,0.40156,0.73409,0.13225,0.80068,0.30887,0.69764,0.85931,0.80068,0.53008,0.45186,0.39453,0.64109,0.39017,0.49317,0.41542,0.51622,0.077848,0.56841,0.40206,0.85367,0.79937,0.51827,0.5715,0.68083,0.2599,0.19583,0.47056,0.48912,0.70585,0.18408,0.30786,0.50884,0.26538,0.51695,0.6071,0.22277,0.86932,0.82951,0.80936,0.1747,0.38984,0.29307,0.45936,0.60864,0.38781,0.59711,0.41353,0.59241,0.069558,0.85482,0.72288,0.93096,0.76479,0.72573,0.70232,0.56377,0.38894
0.8077,1,0.77376,0.68237,0.39381,0.13161,0.75116,0.051863,0.56637,0.28146,0.90216,0.51157,0.62139,0.59647,0.58473,0.67009,0.57492,0.37541,0.57083,0.24017,0.26971,0.50019,0.34004,0.57121,0.66798,0.57391,0.36401,0.53026,0.7981,0.84137,0.62443,0.10257,0.55693,0.38794,0.46339,0.37495,0.8837,0.44209,0.77538,0.59817,0.93981,0.50271,0.90355,0.54227,0.60357,0.15494,0.97804,0.48407,0.54609,0.89907,0.61637,0.69845,0.59763,0.33952,0.82957,0.57625,0.55196,0.58645,0.60036,0.093308,0.42336,0.43727,0.94954,0.82973,0.67321,0.51603,0.70303,0.2188,0.1782,0.36056,0.60773,0.69196,0.1915,0.38249,0.37514,0.20967,0.68864,0.6651,0.39033,0.92296,0.80721,0.83249,0.33254,0.57579,0.20342,0.6297,0.69185,0.57375,0.64113,0.47164,0.75673,0.10333,0.71911,0.7825,0.73869,0.77059,0.87201,0.74979,0.46795,0.50609
0.58162,0.77376,1,0.90424,0.25897,0.094529,0.7509,0.021467,0.54715,0.34431,0.78812,0.49362,0.43986,0.65066,0.681,0.44425,0.38622,0.18788,0.58514,0.21686,0.10647,0.61588,0.27094,0.34551,0.70619,0.4239,0.48512,0.30555,0.74956,0.77065,0.50901,0.028907,0.38662,0.38567,0.33668,0.16043,0.71337,0.42356,0.94389,0.38682,0.80868,0.43844,0.72227,0.65271,0.41056,0.13878,0.77742,0.67417,0.34457,0.69716,0.395,0.83147,0.70661,0.22703,0.92769,0.78784,0.53293,0.75618,0.60351,0.072338,0.23143,0.40921,0.72529,0.66185,0.78005,0.38559,0.60078,0.12839,0.11495,0.19839,0.66256,0.56167,0.15517,0.41176,0.19357,0.10516,0.83581,0.61434,0.57013,0.70586,0.62928,0.65831,0.49736,0.78702,0.066838,0.78967,0.66306,0.78505,0.58174,0.46666,0.84481,0.1036,0.51211,0.66418,0.5127,0.61343,0.80257,0.65303,0.30987,0.58097
0.49166,0.68237,0.90424,1,0.21618,0.096342,0.72338,0.027397,0.5392,0.38268,0.69259,0.48987,0.3737,0.66576,0.71398,0.35522,0.31821,0.1232,0.58855,0.2218,0.053909,0.66587,0.25515,0.25696,0.70534,0.37063,0.54493,0.21847,0.70353,0.71231,0.46545,0.016345,0.32628,0.39409,0.29532,0.081771,0.61764,0.42335,0.89951,0.30833,0.7242,0.41849,0.62655,0.69665,0.34026,0.14856,0.68401,0.76049,0.27143,0.61488,0.31052,0.85237,0.74314,0.19428,0.84982,0.88146,0.52611,0.82424,0.60024,0.081384,0.16418,0.40562,0.63282,0.56651,0.80042,0.34127,0.55602,0.10698,0.10529,0.14504,0.67646,0.50971,0.15606,0.43279,0.1316,0.078183,0.86611,0.58759,0.6545,0.61914,0.55754,0.56278,0.5768,0.88049,0.026613,0.84477,0.6394,0.87861,0.55462,0.47004,0.82854,0.12105,0.43393,0.57257,0.42317,0.51922,0.73576,0.60531,0.25629,0.61309
0.46872,0.39381,0.25897,0.21618,1,0.57869,0.49213,0.50398,0.621,0.39607,0.29667,0.63452,0.73748,0.47485,0.40153,0.49083,0.74446,0.76286,0.55328,0.60673,0.81415,0.35096,0.77626,0.48442,0.48353,0.81849,0.28827,0.50074,0.50859,0.48691,0.7497,0.64287,0.80639,0.59864,0.92053,0.57831,0.31023,0.64438,0.30407,0.63599,0.41131,0.74619,0.3287,0.37073,0.71645,0.53937,0.37267,0.18246,0.699,0.49153,0.55841,0.34762,0.3805,0.90745,0.3293,0.18053,0.62568,0.27315,0.56569,0.51083,0.75139,0.6689,0.40099,0.28191,0.38357,0.87329,0.65796,0.77142,0.67699,0.87917,0.47212,0.69406,0.61549,0.51752,0.79417,0.79232,0.32959,0.62217,0.1549,0.45984,0.58513,0.29079,0.16056,0.18121,0.80723,0.30246,0.5705,0.17979,0.65339,0.60994,0.38722,0.46253,0.61183,0.20875,0.48297,0.2373,0.45084,0.60594,0.8933,0.43544
0.12821,0.13161,0.094529,0.096342,0.57869,1,0.33791,0.91822,0.54625,0.59997,0.038508,0.60075,0.36081,0.42986,0.37123,0.10716,0.34522,0.34857,0.50697,0.8729,0.46076,0.37668,0.77458,0.079841,0.38685,0.46401,0.40115,0.089115,0.3166,0.27692,0.48634,0.84094,0.41472,0.70052,0.57516,0.15838,0.022464,0.6709,0.15008,0.23457,0.17379,0.62806,0.043045,0.36876,0.324,0.91214,0.11,0.18216,0.28784,0.20688,0.1604,0.24369,0.34141,0.67,0.14849,0.11823,0.56079,0.22917,0.49094,0.92841,0.33078,0.68464,0.1166,-0.021307,0.29589,0.53837,0.42574,0.78104,0.89146,0.47484,0.41958,0.41877,0.93915,0.64135,0.38101,0.72498,0.23017,0.46167,0.20925,0.17298,0.28751,-0.014622,0.25706,0.11944,0.58061,0.23605,0.42232,0.1189,0.48907,0.62602,0.24941,0.85195,0.25148,-0.082984,0.119,-0.076036,0.23753,0.38175,0.47915,0.46073
0.62925,0.75116,0.7509,0.72338,0.49213,0.33791,1,0.2624,0.79141,0.53009,0.67735,0.73603,0.62036,0.84425,0.81729,0.51667,0.5632,0.37963,0.81406,0.4569,0.32547,0.73106,0.52002,0.42911,0.91546,0.6383,0.60005,0.40157,0.94293,0.90597,0.73969,0.27787,0.58554,0.6191,0.57145,0.30587,0.63555,0.66469,0.80338,0.52404,0.80866,0.68748,0.65493,0.77191,0.57879,0.37539,0.73381,0.64608,0.50559,0.76809,0.50136,0.85095,0.81945,0.47022,0.8103,0.68035,0.77672,0.75249,0.84007,0.31031,0.41522,0.6532,0.71334,0.58089,0.8706,0.6162,0.82729,0.37684,0.36334,0.41542,0.85497,0.77457,0.39876,0.62631,0.39216,0.35165,0.83274,0.86241,0.57777,0.74673,0.77007,0.58375,0.54033,0.68079,0.30319,0.79185,0.91216,0.67913,0.82945,0.70304,0.89482,0.33242,0.64098,0.53977,0.57392,0.52176,0.87887,0.86955,0.52539,0.75274
0.046436,0.051863,0.021467,0.027397,0.50398,0.91822,0.2624,1,0.47099,0.56325,-0.04061,0.52622,0.28012,0.36163,0.30652,0.026141,0.26587,0.27823,0.43574,0.8046,0.39881,0.31906,0.69313,0.0003476,0.31487,0.38313,0.35689,0.010664,0.23898,0.19874,0.40465,0.81132,0.33516,0.6333,0.49585,0.08629,-0.057959,0.59727,0.077294,0.15504,0.094999,0.5474,-0.037356,0.30764,0.24403,0.87502,0.030327,0.12617,0.20968,0.12596,0.080393,0.17409,0.27653,0.59624,0.073564,0.055321,0.48568,0.16643,0.41776,0.93905,0.2577,0.60889,0.036009,-0.10219,0.22687,0.45776,0.34506,0.7183,0.82574,0.40508,0.3509,0.3372,0.86023,0.58382,0.31072,0.66756,0.16126,0.38343,0.16097,0.092116,0.20602,-0.095592,0.2148,0.056583,0.52656,0.17054,0.34561,0.056152,0.41006,0.55468,0.17663,0.85693,0.16995,-0.16329,0.037379,-0.15715,0.15955,0.30179,0.4023,0.39974
0.50522,0.56637,0.54715,0.5392,0.621,0.54625,0.79141,0.47099,1,0.67998,0.48007,0.94414,0.62722,0.85004,0.77664,0.43026,0.57786,0.44138,0.93225,0.6653,0.4367,0.72967,0.71489,0.36357,0.83377,0.69903,0.65081,0.35016,0.76403,0.72173,0.80465,0.47712,0.62956,0.82157,0.69542,0.31432,0.45128,0.87279,0.60216,0.49678,0.61613,0.86786,0.47176,0.74921,0.57831,0.58291,0.54599,0.55726,0.5093,0.62063,0.44656,0.68583,0.75231,0.63044,0.60223,0.53548,0.98521,0.63875,0.93735,0.51842,0.46165,0.86161,0.5406,0.40104,0.7337,0.72075,0.82081,0.56387,0.56558,0.5162,0.84484,0.7764,0.60707,0.80244,0.46325,0.52895,0.67,0.89685,0.53383,0.58962,0.67525,0.40592,0.5349,0.53643,0.45178,0.65996,0.87254,0.53535,0.90615,0.90487,0.70097,0.53602,0.58008,0.34893,0.4697,0.34283,0.68406,0.80121,0.61066,0.81103
0.19007,0.28146,0.34431,0.38268,0.39607,0.59997,0.53009,0.56325,0.67998,1,0.21038,0.71478,0.3175,0.6812,0.66322,0.11024,0.27376,0.17362,0.70483,0.70885,0.2176,0.71394,0.59699,0.044964,0.61117,0.40399,0.78983,0.033888,0.48164,0.43908,0.49548,0.45589,0.33419,0.79713,0.44849,0.019674,0.16565,0.74358,0.39816,0.18309,0.33881,0.6251,0.1851,0.68602,0.26898,0.68311,0.2639,0.53906,0.20468,0.31515,0.12858,0.51273,0.63648,0.45151,0.37313,0.44386,0.68952,0.54952,0.67297,0.6242,0.18155,0.72263,0.24622,0.11123,0.56391,0.45002,0.50102,0.46952,0.54133,0.27591,0.66921,0.45732,0.64023,0.87032,0.2011,0.41308,0.50645,0.58195,0.59121,0.2874,0.35823,0.11439,0.65087,0.44528,0.28627,0.53777,0.57892,0.44541,0.58618,0.75796,0.48732,0.69536,0.26028,0.071021,0.15085,0.052087,0.40897,0.48765,0.34368,0.76288
0.75104,0.90216,0.78812,0.69259,0.29667,0.038508,0.67735,-0.04061,0.48007,0.21038,1,0.42452,0.52982,0.529,0.53002,0.61768,0.48638,0.28866,0.49198,0.14957,0.17675,0.44984,0.24418,0.52032,0.59912,0.47727,0.31328,0.47565,0.71583,0.75833,0.5268,0.005743,0.46345,0.3023,0.36571,0.30501,0.92412,0.35397,0.7657,0.52188,0.86379,0.40833,0.92812,0.4911,0.51625,0.065052,0.9238,0.46785,0.46389,0.80444,0.5518,0.66336,0.54783,0.24168,0.81498,0.57624,0.46541,0.56108,0.51971,0.0023743,0.33796,0.34743,0.88748,0.87359,0.62656,0.41837,0.60692,0.12127,0.082337,0.26693,0.54087,0.59415,0.098731,0.30375,0.28629,0.11183,0.6583,0.5753,0.36705,0.83378,0.7111,0.87018,0.30065,0.57547,0.10688,0.60137,0.6073,0.57348,0.54932,0.38652,0.71194,0.016094,0.63629,0.85937,0.68499,0.82217,0.7954,0.65528,0.37299,0.44212
0.45831,0.51157,0.49362,0.48987,0.63452,0.60075,0.73603,0.52622,0.94414,0.71478,0.42452,1,0.6023,0.81337,0.74289,0.39085,0.55691,0.43741,0.89842,0.72087,0.44868,0.71045,0.75793,0.32925,0.784,0.68455,0.65246,0.31904,0.70831,0.66618,0.78063,0.52532,0.61428,0.87565,0.70339,0.29794,0.3969,0.92858,0.549,0.46828,0.56065,0.88829,0.41744,0.72269,0.5536,0.63875,0.49102,0.52703,0.48779,0.56898,0.41317,0.63732,0.71591,0.657,0.54732,0.49399,0.95893,0.60056,0.88922,0.57414,0.45275,0.91534,0.48705,0.34728,0.68723,0.7194,0.7771,0.60484,0.61515,0.52281,0.80569,0.73983,0.66147,0.84288,0.46161,0.56558,0.62229,0.84489,0.51485,0.53732,0.6288,0.35238,0.52576,0.49502,0.47727,0.61764,0.81676,0.49408,0.861,0.95476,0.64819,0.59145,0.54236,0.29408,0.4265,0.28935,0.62832,0.75081,0.60886,0.7985
0.72927,0.62139,0.43986,0.3737,0.73748,0.36081,0.62036,0.28012,0.62722,0.3175,0.52982,0.6023,1,0.52696,0.46534,0.74525,0.94284,0.74801,0.57506,0.42936,0.64663,0.38992,0.58539,0.71344,0.57027,0.89647,0.28543,0.71208,0.66216,0.66122,0.82134,0.39071,0.92904,0.50337,0.77999,0.67948,0.55703,0.56577,0.4724,0.86364,0.62075,0.68166,0.57369,0.4232,0.95107,0.34707,0.60255,0.26791,0.87991,0.72219,0.79696,0.47456,0.45558,0.65723,0.51195,0.30573,0.62159,0.37313,0.60242,0.30182,0.79048,0.57957,0.64084,0.53576,0.49158,0.82235,0.77965,0.51921,0.44236,0.73567,0.53051,0.83721,0.41079,0.44675,0.752,0.53117,0.45682,0.6979,0.20951,0.69582,0.80846,0.54516,0.18805,0.30599,0.56337,0.41226,0.6633,0.30419,0.71199,0.55953,0.53004,0.27616,0.87389,0.46052,0.74503,0.49513,0.636,0.75011,0.83442,0.45264
0.48002,0.59647,0.65066,0.66576,0.47485,0.42986,0.84425,0.36163,0.85004,0.6812,0.529,0.81337,0.52696,1,0.92638,0.3775,0.47208,0.31269,0.91457,0.55582,0.29271,0.86292,0.57134,0.29658,0.92847,0.57725,0.74734,0.2745,0.7903,0.7504,0.68859,0.34077,0.51212,0.7283,0.55155,0.20653,0.48179,0.75338,0.70651,0.41009,0.65519,0.71791,0.50075,0.89307,0.47994,0.48258,0.58005,0.70676,0.40698,0.61569,0.37438,0.81184,0.90189,0.48051,0.68877,0.68039,0.84114,0.78703,0.90915,0.41546,0.33922,0.73288,0.55762,0.42648,0.86505,0.58325,0.74648,0.41844,0.43168,0.37567,0.98783,0.68948,0.48912,0.76108,0.33148,0.38079,0.79959,0.82833,0.67456,0.59219,0.63533,0.42896,0.66099,0.68144,0.30206,0.80329,0.85994,0.68054,0.80757,0.80188,0.80208,0.45192,0.51485,0.38926,0.42962,0.36745,0.72445,0.76078,0.47655,0.90817
0.44678,0.58473,0.681,0.71398,0.40153,0.37123,0.81729,0.30652,0.77664,0.66322,0.53002,0.74289,0.46534,0.92638,1,0.33498,0.40942,0.24401,0.84245,0.49818,0.21993,0.91353,0.50113,0.2495,0.89275,0.50904,0.77909,0.22429,0.76023,0.72666,0.62022,0.27443,0.44564,0.67063,0.47855,0.14505,0.47454,0.68753,0.7343,0.35442,0.64489,0.64453,0.49213,0.95456,0.41951,0.42966,0.5711,0.78038,0.34604,0.58639,0.32441,0.84949,0.97,0.40709,0.70478,0.74627,0.76824,0.85607,0.83567,0.36242,0.27233,0.6654,0.54103,0.41811,0.89956,0.5114,0.68564,0.34785,0.36598,0.30361,0.92917,0.628,0.42925,0.71783,0.26184,0.30887,0.84276,0.76232,0.74303,0.56733,0.59099,0.41932,0.7192,0.74743,0.2285,0.86385,0.80204,0.74675,0.73829,0.73699,0.8172,0.40608,0.46507,0.38943,0.39131,0.35996,0.70943,0.70845,0.40586,0.89863
0.86227,0.67009,0.44425,0.35522,0.49083,0.10716,0.51667,0.026141,0.43026,0.11024,0.61768,0.39085,0.74525,0.3775,0.33498,1,0.74585,0.59839,0.39654,0.18189,0.44988,0.24976,0.33236,0.90108,0.4401,0.64295,0.12485,0.85795,0.57305,0.59895,0.59946,0.13773,0.6829,0.27689,0.52556,0.6754,0.67962,0.34005,0.4526,0.84577,0.63036,0.4467,0.68611,0.28956,0.77433,0.097797,0.66307,0.18099,0.77282,0.73345,0.91537,0.4029,0.33624,0.40542,0.50514,0.25634,0.42035,0.28865,0.42815,0.049794,0.65016,0.34881,0.71612,0.69017,0.39692,0.56797,0.60902,0.26667,0.18762,0.52364,0.38517,0.65095,0.15851,0.23467,0.58259,0.28318,0.38861,0.52552,0.099524,0.73558,0.74217,0.70025,0.057157,0.25609,0.33726,0.33239,0.51438,0.25407,0.52405,0.34569,0.46549,0.029264,0.84772,0.61733,0.93129,0.67484,0.59866,0.61395,0.59577,0.28925
0.70212,0.57492,0.38622,0.31821,0.74446,0.34522,0.5632,0.26587,0.57786,0.27376,0.48638,0.55691,0.94284,0.47208,0.40942,0.74585,1,0.79991,0.5231,0.40422,0.68376,0.335,0.56657,0.73447,0.51386,0.86752,0.23305,0.74204,0.60526,0.60538,0.77321,0.38903,0.93025,0.46454,0.77,0.73416,0.51947,0.52585,0.41734,0.88906,0.56985,0.644,0.53491,0.36766,0.96801,0.32441,0.55708,0.21086,0.93087,0.6748,0.81276,0.41751,0.39914,0.6569,0.45807,0.24887,0.57326,0.31599,0.54955,0.28316,0.8452,0.54166,0.59858,0.50332,0.43445,0.80248,0.72375,0.51811,0.43305,0.76804,0.47526,0.7814,0.39197,0.4034,0.79989,0.53703,0.3998,0.64353,0.15323,0.6509,0.75655,0.51306,0.13307,0.24911,0.58646,0.3551,0.60731,0.24731,0.65946,0.51547,0.47326,0.25143,0.84534,0.42715,0.73063,0.46706,0.58136,0.693,0.84992,0.3997
0.51695,0.37541,0.18788,0.1232,0.76286,0.34857,0.37963,0.27823,0.44138,0.17362,0.28866,0.43741,0.74801,0.31269,0.24401,0.59839,0.79991,1,0.3778,0.36959,0.83987,0.17804,0.53927,0.63568,0.34257,0.73494,0.09303,0.669,0.41573,0.41085,0.62376,0.43852,0.79409,0.3758,0.72499,0.80593,0.32655,0.42897,0.2212,0.74849,0.36991,0.54408,0.34069,0.20582,0.77183,0.30348,0.35801,0.034562,0.81894,0.47488,0.68222,0.2311,0.22931,0.67699,0.26,0.060783,0.44123,0.13618,0.39883,0.27885,0.9479,0.45092,0.40117,0.31636,0.25405,0.718,0.54991,0.558,0.45241,0.87308,0.31349,0.60496,0.38084,0.30017,0.96751,0.59915,0.21303,0.48148,-0.012414,0.45181,0.55711,0.32639,-0.021675,0.061145,0.70405,0.17277,0.43715,0.059426,0.50508,0.40368,0.28353,0.22641,0.65186,0.23989,0.56021,0.28654,0.38429,0.50968,0.82836,0.2532
0.48413,0.57083,0.58514,0.58855,0.55328,0.50697,0.81406,0.43574,0.93225,0.70483,0.49198,0.89842,0.57506,0.91457,0.84245,0.39654,0.5231,0.3778,1,0.63106,0.36918,0.79701,0.65661,0.32345,0.87894,0.6388,0.7099,0.30639,0.77272,0.72945,0.74803,0.42432,0.57056,0.8004,0.62805,0.2578,0.45452,0.83478,0.64114,0.44925,0.62552,0.80128,0.47452,0.81686,0.52654,0.55363,0.55193,0.62389,0.45554,0.61025,0.40473,0.73617,0.81658,0.56397,0.63295,0.59554,0.92553,0.7016,0.9679,0.48719,0.4002,0.81613,0.53878,0.40155,0.78733,0.65506,0.78452,0.50382,0.51468,0.44937,0.90726,0.73241,0.56707,0.81145,0.39874,0.46611,0.72188,0.87037,0.60144,0.58205,0.65023,0.40539,0.60027,0.59656,0.38488,0.7192,0.87407,0.59562,0.86298,0.88088,0.74027,0.51571,0.5423,0.35583,0.44175,0.34256,0.69574,0.78054,0.54571,0.87508
0.21841,0.24017,0.21686,0.2218,0.60673,0.8729,0.4569,0.8046,0.6653,0.70885,0.14957,0.72087,0.42936,0.55582,0.49818,0.18189,0.40422,0.36959,0.63106,1,0.45473,0.50309,0.82984,0.14315,0.51026,0.53219,0.52043,0.1464,0.43136,0.39032,0.57631,0.74633,0.47358,0.82721,0.62688,0.18875,0.1282,0.79218,0.27269,0.2964,0.28565,0.72742,0.14884,0.49581,0.38752,0.91362,0.21893,0.30833,0.34101,0.30898,0.22632,0.36884,0.46832,0.68745,0.26851,0.2453,0.68006,0.35626,0.61307,0.85272,0.3615,0.80195,0.22115,0.081805,0.42138,0.60173,0.52811,0.74913,0.8323,0.49005,0.54531,0.51247,0.92752,0.76686,0.401,0.68976,0.35569,0.57426,0.33205,0.2756,0.3837,0.087876,0.37579,0.24652,0.55098,0.3628,0.53891,0.24598,0.59899,0.75007,0.37202,0.8468,0.33128,0.023543,0.2016,0.025537,0.35155,0.48843,0.52118,0.58772
0.38615,0.26971,0.10647,0.053909,0.81415,0.46076,0.32547,0.39881,0.4367,0.2176,0.17675,0.44868,0.64663,0.29271,0.21993,0.44988,0.68376,0.83987,0.36918,0.45473,1,0.16638,0.61424,0.47805,0.30696,0.6824,0.10259,0.50955,0.35024,0.33559,0.58546,0.57358,0.71275,0.41851,0.74097,0.65564,0.20466,0.46061,0.14687,0.60379,0.27533,0.56037,0.22083,0.18748,0.6519,0.4019,0.25025,0.001989,0.67685,0.37061,0.53141,0.17762,0.20024,0.76349,0.17844,0.0081313,0.44074,0.095989,0.38328,0.38925,0.7938,0.4857,0.28748,0.18709,0.20951,0.70626,0.49723,0.67927,0.5689,0.90798,0.29074,0.54361,0.48176,0.33548,0.8644,0.7308,0.15941,0.44783,-0.029382,0.34294,0.46102,0.19683,-0.02516,0.0087105,0.85803,0.12767,0.39763,0.0071856,0.47724,0.42459,0.22245,0.32535,0.52924,0.11097,0.42014,0.15144,0.30322,0.44859,0.7966,0.25004
0.36039,0.50019,0.61588,0.66587,0.35096,0.37668,0.73106,0.31906,0.72967,0.71394,0.44984,0.71045,0.38992,0.86292,0.91353,0.24976,0.335,0.17804,0.79701,0.50309,0.16638,1,0.47716,0.16546,0.80943,0.44177,0.86326,0.14141,0.67399,0.64021,0.55292,0.26457,0.37578,0.66935,0.42513,0.069467,0.39168,0.66972,0.66546,0.27443,0.56038,0.60221,0.40879,0.95791,0.34302,0.44397,0.48731,0.80505,0.26997,0.49993,0.2415,0.7811,0.90185,0.36747,0.62941,0.7285,0.72521,0.83558,0.77908,0.37764,0.20325,0.6448,0.45568,0.33511,0.82328,0.45264,0.6097,0.32453,0.35669,0.24642,0.85906,0.55253,0.43145,0.73484,0.19781,0.28038,0.77981,0.69133,0.80377,0.48098,0.50655,0.33594,0.79807,0.72988,0.18774,0.8207,0.72455,0.72986,0.67192,0.71824,0.73783,0.43143,0.38223,0.30968,0.30538,0.27741,0.62371,0.62736,0.34407,0.90986
0.35157,0.34004,0.27094,0.25515,0.77626,0.77458,0.52002,0.69313,0.71489,0.59699,0.24418,0.75793,0.58539,0.57134,0.50113,0.33236,0.56657,0.53927,0.65661,0.82984,0.61424,0.47716,1,0.30222,0.54902,0.68883,0.4509,0.30891,0.51064,0.47488,0.70711,0.75748,0.63631,0.78805,0.79418,0.3588,0.23539,0.80719,0.32417,0.45673,0.37653,0.83167,0.25575,0.48384,0.54705,0.75643,0.31813,0.28775,0.506,0.42206,0.38382,0.40103,0.47387,0.85074,0.33239,0.25227,0.72695,0.35849,0.6525,0.71616,0.53163,0.83236,0.3301,0.19457,0.44861,0.76241,0.63701,0.84658,0.83814,0.65789,0.56393,0.63824,0.82515,0.7026,0.57043,0.80226,0.38499,0.6549,0.28614,0.38798,0.50681,0.20178,0.31098,0.25328,0.68846,0.37631,0.60783,0.25231,0.68624,0.75889,0.42091,0.68128,0.47682,0.1297,0.34419,0.14145,0.43504,0.58854,0.69046,0.56729
0.76336,0.57121,0.34551,0.25696,0.48442,0.079841,0.42911,0.0003476,0.36357,0.044964,0.52032,0.32925,0.71344,0.29658,0.2495,0.90108,0.73447,0.63568,0.32345,0.14315,0.47805,0.16546,0.30222,1,0.35596,0.61095,0.044394,0.95198,0.48446,0.50718,0.5458,0.12729,0.66512,0.22177,0.5045,0.75294,0.58467,0.28485,0.35484,0.84527,0.53248,0.3976,0.58979,0.20428,0.75508,0.061576,0.56419,0.087474,0.78484,0.63776,0.91552,0.30914,0.24872,0.39405,0.40703,0.15951,0.35506,0.19548,0.35429,0.018446,0.68422,0.29654,0.61725,0.60059,0.30609,0.5396,0.53879,0.25599,0.16789,0.53989,0.30342,0.58717,0.1274,0.17213,0.61365,0.28011,0.29434,0.45306,0.0087741,0.63772,0.65845,0.61041,-0.03021,0.1593,0.35289,0.23898,0.43573,0.15728,0.4561,0.2847,0.37161,-0.010041,0.78084,0.53096,0.83238,0.59323,0.50396,0.53559,0.59105,0.21075
0.5475,0.66798,0.70619,0.70534,0.48353,0.38685,0.91546,0.31487,0.83377,0.61117,0.59912,0.784,0.57027,0.92847,0.89275,0.4401,0.51386,0.34257,0.87894,0.51026,0.30696,0.80943,0.54902,0.35596,1,0.60712,0.68245,0.33133,0.86021,0.82144,0.71677,0.31099,0.54653,0.67944,0.56246,0.25057,0.55316,0.71575,0.7622,0.4615,0.72658,0.70895,0.57219,0.84804,0.52517,0.43259,0.65145,0.69168,0.45159,0.68489,0.43144,0.852,0.88527,0.4765,0.75206,0.69498,0.82077,0.78902,0.89472,0.36613,0.37333,0.69943,0.62903,0.49795,0.8977,0.60066,0.78974,0.39917,0.39988,0.39367,0.93947,0.73223,0.44721,0.69931,0.35865,0.36708,0.83587,0.85871,0.6392,0.66249,0.69712,0.50047,0.61196,0.69578,0.30186,0.81852,0.90534,0.69449,0.82961,0.76019,0.86128,0.39597,0.57215,0.45983,0.4947,0.4389,0.79597,0.81556,0.4996,0.83726
0.6443,0.57391,0.4239,0.37063,0.81849,0.46401,0.6383,0.38313,0.69903,0.40399,0.47727,0.68455,0.89647,0.57725,0.50904,0.64295,0.86752,0.73494,0.6388,0.53219,0.6824,0.44177,0.68883,0.61095,0.60712,1,0.35016,0.61275,0.6671,0.65314,0.88865,0.4878,0.92972,0.59675,0.87725,0.61334,0.49169,0.65764,0.46439,0.76378,0.58758,0.77621,0.51021,0.47051,0.85494,0.45036,0.55304,0.29884,0.79938,0.67255,0.69386,0.48929,0.49427,0.75021,0.49574,0.31875,0.69648,0.39909,0.66183,0.40534,0.7612,0.67398,0.58244,0.46243,0.51609,0.92469,0.81094,0.61499,0.54355,0.77409,0.57835,0.86091,0.5143,0.53365,0.75147,0.62058,0.47107,0.74654,0.25248,0.64119,0.76612,0.47116,0.24102,0.31921,0.62951,0.43429,0.70146,0.31758,0.76965,0.64474,0.53752,0.37901,0.78196,0.38983,0.64903,0.4164,0.62017,0.76502,0.88557,0.5139
0.22999,0.36401,0.48512,0.54493,0.28827,0.40115,0.60005,0.35689,0.65081,0.78983,0.31328,0.65246,0.28543,0.74734,0.77909,0.12485,0.23305,0.09303,0.7099,0.52043,0.10259,0.86326,0.4509,0.044394,0.68245,0.35016,1,0.023452,0.54338,0.5073,0.4582,0.26855,0.28119,0.66149,0.35586,-0.032294,0.25497,0.63721,0.5323,0.16232,0.4242,0.54117,0.27217,0.82145,0.23714,0.47968,0.35081,0.73923,0.16567,0.36815,0.12305,0.6466,0.76511,0.32154,0.49389,0.62849,0.65176,0.72064,0.68296,0.41768,0.11245,0.61113,0.32013,0.19842,0.68669,0.37423,0.49999,0.30548,0.3586,0.17528,0.73955,0.44503,0.44838,0.74477,0.11591,0.25449,0.6472,0.58562,0.80132,0.34758,0.38268,0.19931,0.85535,0.62996,0.14444,0.69469,0.60864,0.63053,0.57338,0.67757,0.60117,0.4856,0.26311,0.17327,0.17766,0.14068,0.48858,0.5088,0.26352,0.83225
0.72137,0.53026,0.30555,0.21847,0.50074,0.089115,0.40157,0.010664,0.35016,0.033888,0.47565,0.31904,0.71208,0.2745,0.22429,0.85795,0.74204,0.669,0.30639,0.1464,0.50955,0.14141,0.30891,0.95198,0.33133,0.61275,0.023452,1,0.4558,0.4758,0.53778,0.14437,0.6724,0.21585,0.51361,0.79934,0.53862,0.27853,0.3172,0.84839,0.49427,0.39376,0.54441,0.17936,0.75768,0.066466,0.52214,0.055645,0.80083,0.60191,0.89988,0.27665,0.22193,0.40903,0.36864,0.12362,0.34254,0.16383,0.33657,0.025958,0.71515,0.29176,0.57506,0.55319,0.27636,0.5446,0.52168,0.27232,0.18045,0.56569,0.28072,0.573,0.13459,0.16221,0.64471,0.29976,0.26134,0.4355,-0.020253,0.59915,0.63147,0.56306,-0.056253,0.12346,0.38019,0.207,0.4144,0.12146,0.44121,0.27513,0.33882,-0.0064822,0.75916,0.48315,0.78984,0.54522,0.46986,0.51359,0.60646,0.19067
0.68626,0.7981,0.74956,0.70353,0.50859,0.3166,0.94293,0.23898,0.76403,0.48164,0.71583,0.70831,0.66216,0.7903,0.76023,0.57305,0.60526,0.41573,0.77272,0.43136,0.35024,0.67399,0.51064,0.48446,0.86021,0.6671,0.54338,0.4558,1,0.95667,0.75888,0.26831,0.62067,0.58647,0.58676,0.353,0.6818,0.63737,0.79535,0.57417,0.85146,0.67881,0.70179,0.71487,0.62334,0.34773,0.77899,0.59684,0.55101,0.82463,0.55525,0.81167,0.76314,0.47702,0.8177,0.64358,0.74931,0.70462,0.80215,0.2841,0.45402,0.62938,0.76455,0.62866,0.82018,0.6349,0.8506,0.3739,0.35068,0.44148,0.80038,0.80615,0.3773,0.58437,0.42595,0.35367,0.79423,0.85432,0.52391,0.80189,0.82402,0.63226,0.4841,0.64383,0.31689,0.7462,0.89143,0.64204,0.82426,0.67069,0.86766,0.30016,0.69378,0.58229,0.63086,0.56959,0.92001,0.90156,0.55275,0.69846
0.7188,0.84137,0.77065,0.71231,0.48691,0.27692,0.90597,0.19874,0.72173,0.43908,0.75833,0.66618,0.66122,0.7504,0.72666,0.59895,0.60538,0.41085,0.72945,0.39032,0.33559,0.64021,0.47488,0.50718,0.82144,0.65314,0.5073,0.4758,0.95667,1,0.73572,0.23313,0.61315,0.54378,0.56368,0.36122,0.72507,0.59553,0.80982,0.58567,0.89436,0.64236,0.74501,0.6818,0.62631,0.30625,0.82231,0.57984,0.55583,0.85928,0.57399,0.80045,0.733,0.44946,0.84206,0.63925,0.70707,0.68801,0.75882,0.24304,0.45173,0.58836,0.80665,0.67172,0.79788,0.61362,0.82658,0.34154,0.31404,0.42743,0.76099,0.79097,0.33749,0.54106,0.41878,0.32394,0.78449,0.81524,0.50057,0.84026,0.83876,0.67518,0.45563,0.63934,0.29432,0.73119,0.84881,0.63744,0.78694,0.62792,0.8618,0.25775,0.70894,0.62556,0.65978,0.61262,0.96016,0.87952,0.53896,0.65876
0.64104,0.62443,0.50901,0.46545,0.7497,0.48634,0.73969,0.40465,0.80465,0.49548,0.5268,0.78063,0.82134,0.68859,0.62022,0.59946,0.77321,0.62376,0.74803,0.57631,0.58546,0.55292,0.70711,0.5458,0.71677,0.88865,0.4582,0.53778,0.75888,0.73572,1,0.47623,0.82227,0.67568,0.82765,0.50918,0.52544,0.73886,0.55436,0.68759,0.65193,0.84662,0.54551,0.58186,0.77248,0.49049,0.60253,0.40855,0.70456,0.71278,0.63018,0.59217,0.60488,0.71191,0.57885,0.4225,0.79985,0.50714,0.77237,0.4368,0.65032,0.74913,0.62005,0.48664,0.62278,0.87575,0.90822,0.59433,0.54722,0.67458,0.68968,0.93073,0.54286,0.62429,0.64131,0.58371,0.57395,0.85733,0.36379,0.6788,0.79965,0.49408,0.35187,0.42305,0.55783,0.5408,0.81023,0.4215,0.88095,0.73722,0.63572,0.42567,0.75142,0.42002,0.62467,0.43416,0.69836,0.85577,0.78253,0.62346
0.1339,0.10257,0.028907,0.016345,0.64287,0.84094,0.27787,0.81132,0.47712,0.45589,0.005743,0.52532,0.39071,0.34077,0.27443,0.13773,0.38903,0.43852,0.42432,0.74633,0.57358,0.26457,0.75748,0.12729,0.31099,0.4878,0.26855,0.14437,0.26831,0.23313,0.47623,1,0.45473,0.59501,0.60996,0.24446,0.0016968,0.58681,0.082517,0.27936,0.13636,0.58917,0.021744,0.26382,0.36275,0.75449,0.08061,0.070262,0.34198,0.18904,0.20205,0.16329,0.24571,0.73206,0.089904,0.021595,0.49021,0.13051,0.41589,0.77886,0.41053,0.60787,0.096281,-0.035924,0.21259,0.56207,0.3986,0.87092,0.90787,0.56414,0.33211,0.40712,0.81535,0.52045,0.47057,0.83935,0.14789,0.41238,0.084515,0.1551,0.27779,-0.028133,0.12398,0.02269,0.70868,0.14408,0.3656,0.021882,0.44379,0.53744,0.17994,0.69447,0.26985,-0.10364,0.13726,-0.086672,0.19334,0.34857,0.53622,0.35313
0.65834,0.55693,0.38662,0.32628,0.80639,0.41472,0.58554,0.33516,0.62956,0.33419,0.46345,0.61428,0.92904,0.51212,0.44564,0.6829,0.93025,0.79409,0.57056,0.47358,0.71275,0.37578,0.63631,0.66512,0.54653,0.92972,0.28119,0.6724,0.62067,0.61315,0.82227,0.45473,1,0.52838,0.83926,0.68361,0.48771,0.58861,0.42298,0.81985,0.56135,0.70755,0.50478,0.40588,0.90778,0.39407,0.53736,0.23924,0.86615,0.6578,0.74477,0.43694,0.43248,0.72252,0.45893,0.26654,0.62662,0.34167,0.59466,0.35287,0.82665,0.60578,0.57335,0.46522,0.45972,0.87174,0.75534,0.58373,0.50144,0.80347,0.51395,0.81085,0.46171,0.46381,0.80522,0.59902,0.41885,0.68313,0.18869,0.62967,0.74803,0.47456,0.17441,0.26691,0.63426,0.37858,0.64118,0.26521,0.70375,0.5746,0.48876,0.32091,0.80317,0.39021,0.67641,0.4242,0.58403,0.7155,0.90537,0.44583
0.33689,0.38794,0.38567,0.39409,0.59864,0.70052,0.6191,0.6333,0.82157,0.79713,0.3023,0.87565,0.50337,0.7283,0.67063,0.27689,0.46454,0.3758,0.8004,0.82721,0.41851,0.66935,0.78805,0.22177,0.67944,0.59675,0.66149,0.21585,0.58647,0.54378,0.67568,0.59501,0.52838,1,0.65081,0.21731,0.27292,0.93677,0.44172,0.36711,0.43814,0.82053,0.29342,0.66601,0.45608,0.75304,0.36758,0.47465,0.39612,0.44481,0.30623,0.54074,0.64085,0.64958,0.43392,0.4173,0.83592,0.52803,0.77866,0.68631,0.382,0.92257,0.36274,0.22302,0.59357,0.64907,0.65601,0.64381,0.68706,0.47869,0.71759,0.62467,0.75853,0.91445,0.40363,0.59288,0.52796,0.72054,0.48757,0.41303,0.50716,0.22807,0.51957,0.41849,0.47771,0.53552,0.69496,0.4179,0.7379,0.91571,0.54073,0.71318,0.42915,0.17051,0.30842,0.16502,0.50672,0.6268,0.545,0.75696
0.52164,0.46339,0.33668,0.29532,0.92053,0.57516,0.57145,0.49585,0.69542,0.44849,0.36571,0.70339,0.77999,0.55155,0.47855,0.52556,0.77,0.72499,0.62805,0.62688,0.74097,0.42513,0.79418,0.5045,0.56246,0.87725,0.35586,0.51361,0.58676,0.56368,0.82765,0.60996,0.83926,0.65081,1,0.5583,0.37437,0.70303,0.3825,0.65919,0.48444,0.81423,0.39346,0.4465,0.74763,0.55065,0.44191,0.26,0.71156,0.55886,0.58415,0.42709,0.45821,0.87243,0.40653,0.25987,0.69887,0.35182,0.64222,0.5123,0.7283,0.72561,0.46691,0.34254,0.46282,0.94729,0.7359,0.73763,0.66162,0.81938,0.54931,0.76842,0.62077,0.57429,0.75254,0.74204,0.40906,0.70153,0.22955,0.5262,0.65191,0.35103,0.23186,0.26055,0.73013,0.38159,0.64993,0.25912,0.73257,0.67422,0.46647,0.47593,0.65978,0.27112,0.52729,0.29517,0.52689,0.68345,0.89187,0.50778
0.55332,0.37495,0.16043,0.081771,0.57831,0.15838,0.30587,0.08629,0.31432,0.019674,0.30501,0.29794,0.67948,0.20653,0.14505,0.6754,0.73416,0.80593,0.2578,0.18875,0.65564,0.069467,0.3588,0.75294,0.25057,0.61334,-0.032294,0.79934,0.353,0.36122,0.50918,0.24446,0.68361,0.21731,0.5583,1,0.35981,0.27556,0.18226,0.77336,0.35154,0.39448,0.36896,0.10271,0.72539,0.11813,0.36243,-0.048044,0.79897,0.46311,0.75215,0.16505,0.13609,0.4883,0.22916,0.00047394,0.31073,0.058694,0.28384,0.089605,0.82681,0.29453,0.41305,0.36593,0.17647,0.56819,0.45919,0.36472,0.26054,0.67973,0.20999,0.5167,0.1938,0.14898,0.77385,0.40509,0.14799,0.3778,-0.11018,0.4504,0.52199,0.37605,-0.13243,0.00055936,0.51472,0.099436,0.34297,-0.0013374,0.39378,0.25878,0.22406,0.041563,0.64775,0.29273,0.61522,0.35128,0.34476,0.43298,0.66623,0.13403
0.80491,0.8837,0.71337,0.61764,0.31023,0.022464,0.63555,-0.057959,0.45128,0.16565,0.92412,0.3969,0.55703,0.48179,0.47454,0.67962,0.51947,0.32655,0.45452,0.1282,0.20466,0.39168,0.23539,0.58467,0.55316,0.49169,0.25497,0.53862,0.6818,0.72507,0.52544,0.0016968,0.48771,0.27292,0.37437,0.35981,1,0.32807,0.69515,0.56884,0.82658,0.39438,0.97935,0.43351,0.55065,0.042518,0.90169,0.39673,0.50568,0.81266,0.60766,0.59949,0.48976,0.24783,0.74692,0.50217,0.437,0.49298,0.48412,-0.01817,0.37726,0.32431,0.90527,0.94339,0.5674,0.42691,0.59658,0.12151,0.074016,0.29275,0.49325,0.59458,0.081813,0.26621,0.32109,0.11717,0.59259,0.5513,0.2976,0.84656,0.72196,0.94299,0.2339,0.50145,0.12448,0.5345,0.57598,0.49945,0.52895,0.35633,0.65278,-0.010711,0.67355,0.8943,0.74423,0.88529,0.75667,0.63969,0.39445,0.39219
0.39839,0.44209,0.42356,0.42335,0.64438,0.6709,0.66469,0.59727,0.87279,0.74358,0.35397,0.92858,0.56577,0.75338,0.68753,0.34005,0.52585,0.42897,0.83478,0.79218,0.46061,0.66972,0.80719,0.28485,0.71575,0.65764,0.63721,0.27853,0.63737,0.59553,0.73886,0.58681,0.58861,0.93677,0.70303,0.27556,0.32807,1,0.47917,0.42965,0.49016,0.88093,0.34866,0.67442,0.51822,0.7101,0.42131,0.47878,0.45717,0.50318,0.3693,0.57098,0.6589,0.68428,0.47626,0.43474,0.88758,0.54363,0.82003,0.64555,0.43794,0.97386,0.41917,0.27931,0.6222,0.70642,0.7171,0.65481,0.67811,0.52644,0.74419,0.68751,0.73141,0.87119,0.45574,0.60973,0.55669,0.77676,0.4788,0.47087,0.56834,0.2847,0.50076,0.43584,0.50696,0.55675,0.74563,0.43504,0.79703,0.95039,0.5785,0.66119,0.49232,0.22464,0.37106,0.22178,0.55738,0.6852,0.59969,0.75985
0.5879,0.77538,0.94389,0.89951,0.30407,0.15008,0.80338,0.077294,0.60216,0.39816,0.7657,0.549,0.4724,0.70651,0.7343,0.4526,0.41734,0.2212,0.64114,0.27269,0.14687,0.66546,0.32417,0.35484,0.7622,0.46439,0.5323,0.3172,0.79535,0.80982,0.55436,0.082517,0.42298,0.44172,0.3825,0.18226,0.69515,0.47917,1,0.40882,0.82224,0.49109,0.70732,0.70369,0.43993,0.19481,0.77357,0.70157,0.37155,0.71458,0.41015,0.88382,0.75877,0.27578,0.94572,0.80087,0.58804,0.79444,0.65914,0.12833,0.26298,0.46448,0.72499,0.64049,0.83425,0.43027,0.64599,0.18022,0.16912,0.23848,0.71845,0.60324,0.21067,0.4676,0.22867,0.15552,0.8851,0.66595,0.60134,0.71702,0.65771,0.63841,0.53357,0.80041,0.11273,0.83267,0.71573,0.79837,0.63309,0.52256,0.90065,0.15968,0.53441,0.63208,0.52002,0.5879,0.83572,0.69717,0.34998,0.63516
0.76328,0.59817,0.38682,0.30833,0.63599,0.23457,0.52404,0.15504,0.49678,0.18309,0.52188,0.46828,0.86364,0.41009,0.35442,0.84577,0.88906,0.74849,0.44925,0.2964,0.60379,0.27443,0.45673,0.84527,0.4615,0.76378,0.16232,0.84839,0.57417,0.58567,0.68759,0.27936,0.81985,0.36711,0.65919,0.77336,0.56884,0.42965,0.40882,1,0.57771,0.5453,0.58085,0.31046,0.90882,0.21549,0.58417,0.17115,0.92693,0.68918,0.92223,0.38764,0.34868,0.54692,0.45577,0.22526,0.48999,0.2788,0.47837,0.17303,0.80059,0.44322,0.63285,0.56432,0.39529,0.69384,0.66228,0.40835,0.32214,0.67755,0.41518,0.71678,0.28195,0.31193,0.73526,0.42963,0.37098,0.57662,0.10317,0.67461,0.74691,0.57446,0.073977,0.2253,0.49071,0.32052,0.54981,0.22338,0.5857,0.42485,0.44776,0.1433,0.87438,0.48818,0.81154,0.53734,0.57086,0.64594,0.74256,0.33007
0.76529,0.93981,0.80868,0.7242,0.41131,0.17379,0.80866,0.094999,0.61613,0.33881,0.86379,0.56065,0.62075,0.65519,0.64489,0.63036,0.56985,0.36991,0.62552,0.28565,0.27533,0.56038,0.37653,0.53248,0.72658,0.58758,0.4242,0.49427,0.85146,0.89436,0.65193,0.13636,0.56135,0.43814,0.48444,0.35154,0.82658,0.49016,0.82224,0.57771,1,0.54227,0.84551,0.60245,0.59614,0.20123,0.92486,0.53895,0.53287,0.88842,0.58561,0.75626,0.65776,0.36403,0.87437,0.62485,0.6015,0.64302,0.65414,0.13842,0.4156,0.48357,0.89314,0.77119,0.73301,0.53641,0.73717,0.24887,0.21491,0.36711,0.66661,0.71597,0.23416,0.43698,0.37275,0.23569,0.74544,0.71131,0.44737,0.89475,0.81226,0.77331,0.39129,0.62452,0.21906,0.68664,0.74318,0.62248,0.68472,0.52229,0.81579,0.15216,0.7026,0.73031,0.69772,0.71223,0.92961,0.78778,0.47704,0.56531
0.4908,0.50271,0.43844,0.41849,0.74619,0.62806,0.68748,0.5474,0.86786,0.6251,0.40833,0.88829,0.68166,0.71791,0.64453,0.4467,0.644,0.54408,0.80128,0.72742,0.56037,0.60221,0.83167,0.3976,0.70895,0.77621,0.54117,0.39376,0.67881,0.64236,0.84662,0.58917,0.70755,0.82053,0.81423,0.39448,0.39438,0.88093,0.49109,0.5453,0.54227,1,0.41496,0.6185,0.63494,0.64111,0.48096,0.42531,0.57559,0.5785,0.48203,0.56218,0.62026,0.76255,0.5006,0.40576,0.87568,0.50728,0.80667,0.58445,0.55554,0.8976,0.48853,0.35038,0.60683,0.82435,0.79765,0.68835,0.67166,0.63394,0.7129,0.78494,0.68712,0.75401,0.56959,0.65813,0.54538,0.82319,0.40601,0.54469,0.65605,0.35693,0.41429,0.40665,0.58359,0.53027,0.77531,0.4055,0.85452,0.85942,0.58663,0.57836,0.5983,0.28889,0.47148,0.29518,0.60252,0.75285,0.71562,0.68844
0.81541,0.90355,0.72227,0.62655,0.3287,0.043045,0.65493,-0.037356,0.47176,0.1851,0.92812,0.41744,0.57369,0.50075,0.49213,0.68611,0.53491,0.34069,0.47452,0.14884,0.22083,0.40879,0.25575,0.58979,0.57219,0.51021,0.27217,0.54441,0.70179,0.74501,0.54551,0.021744,0.50478,0.29342,0.39346,0.36896,0.97935,0.34866,0.70732,0.58085,0.84551,0.41496,1,0.45071,0.56586,0.063165,0.92059,0.40922,0.51904,0.83265,0.61669,0.61472,0.50678,0.26711,0.75999,0.51233,0.4575,0.50687,0.50423,0.0024733,0.39111,0.34495,0.92546,0.92566,0.58403,0.44605,0.61711,0.14127,0.094323,0.30935,0.51213,0.61459,0.10242,0.28629,0.33594,0.13648,0.60722,0.57189,0.31108,0.86642,0.74133,0.92714,0.2486,0.51165,0.14231,0.54882,0.59629,0.50963,0.54959,0.37679,0.66917,0.00989,0.68841,0.87385,0.75217,0.8667,0.77599,0.66033,0.41187,0.41085
0.40156,0.54227,0.65271,0.69665,0.37073,0.36876,0.77191,0.30764,0.74921,0.68602,0.4911,0.72269,0.4232,0.89307,0.95456,0.28956,0.36766,0.20582,0.81686,0.49581,0.18748,0.95791,0.48384,0.20428,0.84804,0.47051,0.82145,0.17936,0.71487,0.6818,0.58186,0.26382,0.40588,0.66601,0.4465,0.10271,0.43351,0.67442,0.70369,0.31046,0.60245,0.6185,0.45071,1,0.37691,0.432,0.52931,0.8039,0.30358,0.54135,0.27948,0.81982,0.94324,0.38167,0.66953,0.74709,0.74278,0.85779,0.80394,0.36507,0.23278,0.65066,0.49776,0.37697,0.86432,0.47685,0.64352,0.33049,0.35584,0.26952,0.89192,0.58599,0.42524,0.7233,0.22455,0.28883,0.81687,0.72266,0.78147,0.52276,0.54571,0.37786,0.76352,0.7484,0.20224,0.85167,0.75951,0.74807,0.70074,0.7239,0.77917,0.41422,0.42019,0.35079,0.3459,0.31918,0.66575,0.66426,0.36972,0.90786
0.73409,0.60357,0.41056,0.34026,0.71645,0.324,0.57879,0.24403,0.57831,0.26898,0.51625,0.5536,0.95107,0.47994,0.41951,0.77433,0.96801,0.77183,0.52654,0.38752,0.6519,0.34302,0.54705,0.75508,0.52517,0.85494,0.23714,0.75768,0.62334,0.62631,0.77248,0.36275,0.90778,0.45608,0.74763,0.72539,0.55065,0.51822,0.43993,0.90882,0.59614,0.63494,0.56586,0.37691,1,0.30639,0.58616,0.22525,0.92638,0.70276,0.83637,0.43506,0.41068,0.63065,0.48205,0.2676,0.57267,0.33129,0.55417,0.26323,0.81926,0.53263,0.62863,0.53512,0.44951,0.78451,0.73327,0.4918,0.40942,0.73607,0.48381,0.79046,0.37221,0.39833,0.76981,0.50877,0.41757,0.6503,0.16443,0.67998,0.78126,0.54488,0.14128,0.2678,0.55501,0.37121,0.61734,0.26596,0.66354,0.51102,0.49212,0.2344,0.8769,0.4589,0.762,0.49905,0.6042,0.70717,0.82058,0.4045
0.13225,0.15494,0.13878,0.14856,0.53937,0.91214,0.37539,0.87502,0.58291,0.68311,0.065052,0.63875,0.34707,0.48258,0.42966,0.097797,0.32441,0.30348,0.55363,0.91362,0.4019,0.44397,0.75643,0.061576,0.43259,0.45036,0.47968,0.066466,0.34773,0.30625,0.49049,0.75449,0.39407,0.75304,0.55065,0.11813,0.042518,0.7101,0.19481,0.21549,0.20123,0.64111,0.063165,0.432,0.30639,1,0.1338,0.25114,0.26275,0.22279,0.14422,0.29451,0.39966,0.62598,0.18819,0.17941,0.59771,0.29048,0.53341,0.93274,0.29133,0.71755,0.13526,-0.0042003,0.34763,0.5216,0.44183,0.71511,0.81964,0.42722,0.47154,0.42624,0.92005,0.70849,0.33549,0.65601,0.28224,0.48951,0.28483,0.18946,0.29733,0.001805,0.33663,0.18068,0.51189,0.29354,0.45579,0.18029,0.51352,0.67137,0.2939,0.92281,0.24647,-0.061948,0.11623,-0.0606,0.26778,0.4026,0.44754,0.52403
0.80068,0.97804,0.77742,0.68401,0.37267,0.11,0.73381,0.030327,0.54599,0.2639,0.9238,0.49102,0.60255,0.58005,0.5711,0.66307,0.55708,0.35801,0.55193,0.21893,0.25025,0.48731,0.31813,0.56419,0.65145,0.55304,0.35081,0.52214,0.77899,0.82231,0.60253,0.08061,0.53736,0.36758,0.44191,0.36243,0.90169,0.42131,0.77357,0.58417,0.92486,0.48096,0.92059,0.52931,0.58616,0.1338,1,0.47875,0.53023,0.87944,0.60579,0.68984,0.58514,0.31784,0.82776,0.57491,0.53152,0.57943,0.58114,0.071999,0.4064,0.41619,0.94693,0.84626,0.66176,0.49457,0.68112,0.19688,0.15628,0.34087,0.59147,0.67015,0.16993,0.36345,0.35708,0.18792,0.68106,0.64414,0.38321,0.90616,0.78668,0.84808,0.32341,0.57438,0.18257,0.62222,0.67196,0.57234,0.6198,0.45142,0.74633,0.08262,0.70338,0.80289,0.73178,0.78736,0.85493,0.72808,0.44778,0.49025
0.30887,0.48407,0.67417,0.76049,0.18246,0.18216,0.64608,0.12617,0.55726,0.53906,0.46785,0.52703,0.26791,0.70676,0.78038,0.18099,0.21086,0.034562,0.62389,0.30833,0.001989,0.80505,0.28775,0.087474,0.69168,0.29884,0.73923,0.055645,0.59684,0.57984,0.40855,0.070262,0.23924,0.47465,0.26,-0.048044,0.39673,0.47878,0.70157,0.17115,0.53895,0.42531,0.40922,0.8039,0.22525,0.25114,0.47875,1,0.15188,0.44702,0.15409,0.7781,0.80174,0.18789,0.64919,0.87233,0.54943,0.8918,0.61614,0.18539,0.066498,0.45474,0.43399,0.34216,0.77547,0.29478,0.48373,0.13443,0.16239,0.087067,0.71024,0.42705,0.23657,0.54073,0.050338,0.092839,0.79191,0.55096,0.89372,0.43916,0.42162,0.33999,0.81203,0.87368,0.0090391,0.84849,0.59734,0.87502,0.52368,0.52812,0.7155,0.24331,0.29105,0.33852,0.24473,0.29041,0.5821,0.51775,0.1917,0.71711
0.69764,0.54609,0.34457,0.27143,0.699,0.28784,0.50559,0.20968,0.5093,0.20468,0.46389,0.48779,0.87991,0.40698,0.34604,0.77282,0.93087,0.81894,0.45554,0.34101,0.67685,0.26997,0.506,0.78484,0.45159,0.79938,0.16567,0.80083,0.55101,0.55583,0.70456,0.34198,0.86615,0.39612,0.71156,0.79897,0.50568,0.45717,0.37155,0.92693,0.53287,0.57559,0.51904,0.30358,0.92638,0.26275,0.53023,0.15188,1,0.64237,0.85217,0.36269,0.33708,0.60781,0.41536,0.19602,0.50446,0.25812,0.48254,0.224,0.8707,0.47336,0.57618,0.49719,0.37624,0.73837,0.66004,0.47042,0.37961,0.74963,0.41066,0.71743,0.33235,0.33434,0.8077,0.49526,0.34533,0.57781,0.090826,0.62313,0.71384,0.50725,0.068148,0.19618,0.56237,0.29829,0.54393,0.19432,0.59229,0.44635,0.42042,0.1888,0.82685,0.42076,0.74059,0.46749,0.53567,0.63362,0.80528,0.33272
0.85931,0.89907,0.69716,0.61488,0.49153,0.20688,0.76809,0.12596,0.62063,0.31515,0.80444,0.56898,0.72219,0.61569,0.58639,0.73345,0.6748,0.47488,0.61025,0.30898,0.37061,0.49993,0.42206,0.63776,0.68489,0.67255,0.36815,0.60191,0.82463,0.85928,0.71278,0.18904,0.6578,0.44481,0.55886,0.46311,0.81266,0.50318,0.71458,0.68918,0.88842,0.5785,0.83265,0.54135,0.70276,0.22279,0.87944,0.44702,0.64237,1,0.69557,0.66883,0.59228,0.43329,0.76446,0.52154,0.60721,0.55428,0.6419,0.16375,0.5221,0.50224,0.90713,0.77181,0.65888,0.61157,0.78059,0.30853,0.26095,0.46136,0.62542,0.78192,0.26564,0.42681,0.47542,0.30282,0.65492,0.72362,0.36283,0.96592,0.90639,0.77843,0.31539,0.52135,0.30233,0.59815,0.73617,0.51935,0.70614,0.52594,0.7314,0.16612,0.81366,0.70721,0.79765,0.71649,0.86492,0.81792,0.56831,0.52397
